NbEtu	32
Cap	10	2	6	2	1	1	8	1	1
0	ANDROIDE	17	22	28	6	23	7	4	9	31	24	25	1	0	10	26	20	11	8	27	19	15	3	13	16	5	29	12	14	18	30	2	21
1	BIM	4	29	18	25	19	27	31	15	26	2	28	1	5	11	0	14	7	21	9	10	13	17	30	6	16	3	8	22	12	23	20	24
2	DAC	3	2	31	27	0	6	19	23	4	8	26	11	12	7	20	29	17	16	21	22	15	13	24	18	1	25	30	5	9	10	28	14
3	IMA	16	26	13	1	12	9	24	23	27	20	11	2	21	19	25	22	29	3	28	0	17	30	18	4	15	8	6	14	5	31	10	7
4	RES	3	29	7	12	15	20	5	9	10	6	26	22	14	16	28	31	24	30	19	25	0	27	1	2	18	11	4	17	8	23	21	13
5	SAR	2	18	19	8	13	11	29	4	23	16	27	28	22	14	24	20	21	12	1	15	0	5	7	9	31	3	25	26	10	30	6	17
6	SESI	19	4	25	27	17	6	1	3	15	31	0	14	24	20	2	5	16	7	18	8	23	9	28	21	10	13	29	22	30	26	11	12
7	SFPN	2	21	28	18	23	7	29	30	5	3	6	19	8	24	31	0	20	10	15	13	1	17	9	26	14	27	4	22	11	25	16	12
8	STL	29	28	2	7	6	16	0	15	31	13	14	26	30	1	24	4	11	23	10	17	18	27	3	25	5	8	20	12	19	9	21	22
