200 -0.010055287995783146
201 -0.007017430994892493
202 -0.0032478300054208376
203 -0.0046569889964303
204 -0.005081021001387853
205 -0.003353758998855483
206 -0.003395375002583023
207 -0.00480003199481871
208 -0.007147203999920748
209 -0.012202372003230266
210 -0.005061686999397352
211 -0.006197649992827792
212 -0.004346982001152355
213 -0.0022289359985734336
214 -0.00455700300517492
215 -0.002116116003890056
216 -0.014039205998415127
217 -0.011971453997830395
218 -0.003622030999395065
219 -0.0070286059999489225
220 -0.00550352599384496
221 -0.004924268003378529
222 -0.004643604996090289
223 -0.006258464003622066
224 -0.0036822170004597865
225 -0.011166609001520555
226 -0.004832423997868318
227 -0.01123614400421502
228 -0.0075497019934118725
229 -0.009269507005228661
230 -0.0038266129995463416
231 -0.0050157320001744665
232 -0.003273905000241939
233 -0.00568803300120635
234 -0.006541868999192957
235 -0.007637956005055457
236 -0.005161649001820479
237 -0.004721646997495554
238 -0.010612373000185471
239 -0.004791294995811768
240 -0.004921296000247821
241 -0.005032954999478534
242 -0.0030926969993743114
243 -0.014708545997564215
244 -0.007815502998710144
245 -0.008959623002738226
246 -0.008743670994590502
247 -0.012548133003292605
248 -0.005695113999536261
249 -0.004142830002820119
250 -0.003957689004892018
251 -0.003864277998218313
252 -0.01866448199871229
253 -0.01259485100308666
254 -0.012910438003018498
255 -0.014952392004488502
256 -0.007669063998037018
257 -0.0037676590000046417
258 -0.003997282998170704
259 -0.005803801002912223
260 -0.007337413997447584
261 -0.015537845996732358
262 -0.008229902996390592
263 -0.0038747660000808537
264 -0.0125426430022344
265 -0.010584196999843698
266 -0.012198159995023161
267 -0.010339720000047237
268 -0.012465597996197175
269 -0.005827442997542676
270 -0.006645740999374539
271 -0.00803474300482776
272 -0.015729649996501394
273 -0.015849433999392204
274 -0.004984592997061554
275 -0.0042076209938386455
276 -0.011988523998297751
277 -0.007693732004554477
278 -0.007954043001518585
279 -0.022027059996617027
280 -0.010232139997242484
281 -0.00617554500058759
282 -0.013963632001832593
283 -0.019863123998220544
284 -0.00705618299980415
285 -0.008869696001056582
286 -0.006166410006699152
287 -0.01101077999919653
288 -0.016022096999222413
289 -0.01466454299952602
290 -0.014253747001930606
291 -0.013116752998030279
292 -0.019132049004838336
293 -0.005775334000645671
294 -0.004224565003823955
295 -0.006132575996161904
296 -0.013607337001303677
297 -0.013310614995134529
298 -0.005252451002888847
299 -0.006055769998056348
300 -0.009486153001489583
301 -0.02305871200223919
302 -0.005045154000981711
303 -0.007634261994098779
304 -0.00752195200038841
305 -0.03395350600476377
306 -0.025162271995213814
307 -0.009590326000761706
308 -0.021898202001466416
309 -0.01568676500028232
310 -0.025560880996636115
311 -0.008289774996228516
312 -0.014080105000175536
313 -0.01571704300295096
314 -0.011931683999137022
315 -0.020430853001016658
316 -0.01681879800162278
317 -0.01909180799702881
318 -0.019698003998200875
319 -0.013294967997353524
320 -0.009628037005313672
321 -0.02097757699812064
322 -0.014198814002156723
323 -0.007303912003408186
324 -0.022398925997549668
325 -0.018586851001600735
326 -0.012048608004988637
327 -0.014402269996935502
328 -0.022126251002191566
329 -0.011473235004814342
330 -0.00478876299894182
331 -0.014759123005205765
332 -0.006848058998002671
333 -0.017545343995152507
334 -0.011932669003726915
335 -0.03764219799631974
336 -0.025864368995826226
337 -0.01930656500189798
338 -0.01613213700329652
339 -0.017039639998984057
340 -0.00942790800036164
341 -0.009722127004351933
342 -0.015353433002019301
343 -0.019697980998898856
344 -0.01198937400477007
345 -0.020992243000364397
346 -0.03276767700299388
347 -0.009312592002970632
348 -0.007932378000987228
349 -0.022151402998133563
350 -0.013610036003228743
351 -0.02728150299662957
352 -0.013791498000500724
353 -0.017770553000445943
354 -0.026433484999870416
355 -0.0327769180003088
356 -0.013695955000002868
357 -0.009277309000026435
358 -0.041447511001024395
359 -0.009065919999557082
360 -0.01937151200399967
361 -0.04235147700092057
362 -0.023279158005607314
363 -0.025568144003045745
364 -0.0390030780035886
365 -0.014014276006491855
366 -0.012006787001155317
367 -0.008916509999835398
368 -0.020015433998196386
369 -0.030890825000824407
370 -0.02601523899647873
371 -0.023472337001294363
372 -0.027120161001221277
373 -0.02646873599587707
374 -0.015890424001554493
375 -0.007307503998163156
376 -0.019168915001500864
377 -0.012708002999715973
378 -0.011706015000527259
379 -0.03243645800102968
380 -0.02538137000374263
381 -0.014446985995164141
382 -0.046258508002210874
383 -0.011207804003788624
384 -0.012009302001388278
385 -0.026050737003970426
386 -0.03429167400463484
387 -0.03540034899924649
388 -0.01691822099382989
389 -0.02522773199598305
390 -0.014476441996521316
391 -0.031221862001984846
392 -0.026220779000141192
393 -0.023633222001080867
394 -0.015510288001678418
395 -0.013198038999689743
396 -0.03480656100146007
397 -0.03985397300129989
398 -0.023452055000234395
399 -0.029543791002652142
400 -0.033748711000953335
401 -0.013565984001616016
402 -0.017772405997675378
403 -0.025283511000452563
404 -0.021463122000568546
405 -0.024374884000280872
406 -0.026765151997096837
407 -0.03369001299870433
408 -0.045304412000405136
409 -0.021870734002732206
410 -0.015671132001443766
411 -0.02817548700113548
412 -0.024054827998043038
413 -0.023025640002742875
414 -0.02841176700167125
415 -0.030916007002815604
416 -0.033638856999459676
417 -0.030045861996768508
418 -0.024965882999822497
419 -0.021893382996495347
420 -0.018162355001550168
421 -0.024768644994765054
422 -0.01856559199950425
423 -0.027442924998467788
424 -0.036512947997835
425 -0.03700409200246213
426 -0.03875087400228949
427 -0.026440808993356768
428 -0.02032459700421896
429 -0.028899313998408616
430 -0.01955668599839555
431 -0.027282641000056174
432 -0.027242584998020902
433 -0.04536942800041288
434 -0.033709544004523195
435 -0.04271829899516888
436 -0.022408452998206485
437 -0.024396718996285927
438 -0.06045820500003174
439 -0.04368010799953481
440 -0.05709291200037114
441 -0.055459525996411685
442 -0.04521279600157868
443 -0.04293167300056666
444 -0.020194495999021456
445 -0.07173750500078313
446 -0.03412342299998272
447 -0.021175020003283862
448 -0.02678993700101273
449 -0.022562805999768898
450 -0.06097253400366753
451 -0.07868521999625955
452 -0.03724601099384017
453 -0.03988480000407435
454 -0.023800189002940897
455 -0.011382755001250189
456 -0.026746519994048867
457 -0.029373120996751823
458 -0.01920852000330342
459 -0.041658976006146986
460 -0.018356997999944724
461 -0.027108369002235122
462 -0.0392756239962182
463 -0.059908171999268234
464 -0.022565447994566057
465 -0.02577708999888273
466 -0.027074089004599955
467 -0.04085225699964212
468 -0.06172882900136756
469 -0.02676123599667335
470 -0.04985060900071403
471 -0.04894494500331348
472 -0.05904818400449585
473 -0.03041183499590261
474 -0.02675173599709524
475 -0.04743973199947504
476 -0.033637906999501865
477 -0.04520955600310117
478 -0.03655016999982763
479 -0.05443389200081583
480 -0.02620164399559144
481 -0.04608187999838265
482 -0.04993341000226792
483 -0.023067702000844292
484 -0.04530193300161045
485 -0.013846442998328712
486 -0.062295111994899344
487 -0.056178550999902654
488 -0.03536908500245772
489 -0.04648284300492378
490 -0.07687170900317142
491 -0.014612774997658562
492 -0.03780457300308626
493 -0.03825365000375314
494 -0.054954471001110505
495 -0.04766299499897286
496 -0.07455406300141476
497 -0.06869197999913013
498 -0.047152396000456065
499 -0.058564443999785
500 -0.04264137699647108
501 -0.03785525199782569
502 -0.04241295599786099
503 -0.026091442996403202
504 -0.05154237999522593
505 -0.05114442600461189
506 -0.028143529998487793
507 -0.036295665995567106
508 -0.0661587119975593
509 -0.020934919004503172
510 -0.03886536299978616
511 -0.04584477200114634
512 -0.048094570003740955
513 -0.03322688899788773
514 -0.07228537600167328
515 -0.05123667000589194
516 -0.03156721800041851
517 -0.07255281600373564
518 -0.0366095760036842
519 -0.038227889002882876
520 -0.06989718900149455
521 -0.048170103997108527
522 -0.07657620700047119
523 -0.0511195819999557
524 -0.04696225299994694
525 -0.07332982099615037
526 -0.0720892330064089
527 -0.03152077199774794
528 -0.01647379899804946
529 -0.05424560599931283
530 -0.030208639000193216
531 -0.07794750299945008
532 -0.05921387399575906
533 -0.05193899499863619
534 -0.047454946994548663
535 -0.04970241499540862
536 -0.028208459996676538
537 -0.03231855599733535
538 -0.039260212004592177
539 -0.032234049001999665
540 -0.06123912000475684
541 -0.08626263400219614
542 -0.03384183500020299
543 -0.08475068400002783
544 -0.07232718899467727
545 -0.026098622001882177
546 -0.05918476200167788
547 -0.02531112099677557
548 -0.02448747600283241
549 -0.13279031999991275
550 -0.05454641200049082
551 -0.07623260100081097
552 -0.09371329400164541
553 -0.03361279799719341
554 -0.07805647599889198
555 -0.01912099499895703
556 -0.04657733900239691
557 -0.03646894299890846
558 -0.08473564199812245
559 -0.05455095999786863
560 -0.041432687001361046
561 -0.03836982099892339
562 -0.09581504199741175
563 -0.06741340499866055
564 -0.028080505995603744
565 -0.06793629099411191
566 -0.05165380600374192
567 -0.09743929400428897
568 -0.07983594599500066
569 -0.03460415500012459
570 -0.08549080800003139
571 -0.05984465499932412
572 -0.041493782999168616
573 -0.03310560499812709
574 -0.1027123620006023
575 -0.04355043599935016
576 -0.07519161800155416
577 -0.04362752599990927
578 -0.08037959200009936
579 -0.08106840299296891
580 -0.07020909599668812
581 -0.050908843004435766
582 -0.07749674999649869
583 -0.05714215899934061
584 -0.04226359099993715
585 -0.06602975099667674
586 -0.06387694900331553
587 -0.12464219699904788
588 -0.07552880799630657
589 -0.07957544600503752
590 -0.02593642699503107
591 -0.046590537996962667
592 -0.022862837999127805
593 -0.10965543799829902
594 -0.05710929299675627
595 -0.03986193599848775
596 -0.07654686699970625
597 -0.09618512999441009
598 -0.09906178999517579
599 -0.0277184730002773
600 -0.051877714999136515
601 -0.10121928199805552
602 -0.03636051599460188
603 -0.11466864099929808
604 -0.05365245800203411
605 -0.0859586840015254
606 -0.08090018899383722
607 -0.0879970370006049
608 -0.0467007699990063
609 -0.04588475999480579
610 -0.045064199999615084
611 -0.044574359999387525
612 -0.10789154800295364
613 -0.0781518750009127
614 -0.07084376399870962
615 -0.07198038799833739
616 -0.09867040799872484
617 -0.07090067999524763
618 -0.0629986639978597
619 -0.09442917499836767
620 -0.04110168400075054
621 -0.05339224100316642
622 -0.059979231999022886
623 -0.10432745599973714
624 -0.09605621600348968
625 -0.06393578500137664
626 -0.06502084100065986
627 -0.05833276200428372
628 -0.13468359500257066
629 -0.035812888003420085
630 -0.09573098900000332
631 -0.09432298399769934
632 -0.056890386003942695
633 -0.056419063002977055
634 -0.16369758499786258
635 -0.06531027700111736
636 -0.09535788200446405
637 -0.05115239299630048
638 -0.07568947700201534
639 -0.1011879029974807
640 -0.11081998699955875
641 -0.06590393499936908
642 -0.08915983400220284
643 -0.0850300009988132
644 -0.08353537899529329
645 -0.07079812199663138
646 -0.052580985000531655
647 -0.057583759997214656
648 -0.12795658699906198
649 -0.058398886998475064
650 -0.17200210499868263
651 -0.05886354399990523
652 -0.10705815300025279
653 -0.11763217499537859
654 -0.07047691300249426
655 -0.07264550599938957
656 -0.08416843799932394
657 -0.09165484199911589
658 -0.09302890999970259
659 -0.15974736500356812
660 -0.1098288489956758
661 -0.1043848560002516
662 -0.10050547299761092
663 -0.05711912499828031
664 -0.0423358760017436
665 -0.12320091699803015
666 -0.08869426799356006
667 -0.07175217600160977
668 -0.107290676998673
669 -0.10329956100031268
670 -0.11755592899862677
671 -0.054694159000064246
672 -0.11301062999700662
673 -0.09439212500001304
674 -0.037809976005519275
675 -0.2355971170036355
676 -0.11791510300099617
677 -0.0906024880023324
678 -0.17697080800280673
679 -0.08623786899988772
680 -0.08584774300106801
681 -0.09581213099590968
682 -0.08536990600259742
683 -0.10991524100245442
684 -0.2375342820014339
685 -0.11690082399582025
686 -0.1332706040047924
687 -0.17406367999501526
688 -0.10099347199866315
689 -0.08420736500556814
690 -0.09510216600028798
691 -0.13995079699816415
692 -0.10271299399755662
693 -0.07110588600335177
694 -0.10921975300152553
695 -0.16352180000103544
696 -0.09910218599543441
697 -0.13104835500416812
698 -0.18477931000234094
699 -0.12389199499739334
700 -0.11014497600262985
701 -0.12715695399674587
702 -0.1643420740001602
703 -0.07200971800193656
704 -0.10898117099714
705 -0.11648203599906992
706 -0.1132952039988595
707 -0.10866266600351082
708 -0.10268377500324277
709 -0.11120936700172024
710 -0.10528347199579002
711 -0.2850966089972644
712 -0.2667505839999649
713 -0.13797600399993826
714 -0.18576938500336837
715 -0.146455492998939
716 -0.12752683099824935
717 -0.1605712210002821
718 -0.10692901999573223
719 -0.19748089100176003
720 -0.11013809199357638
721 -0.07623062399943592
722 -0.08478074699814897
723 -0.14957628699630732
724 -0.22106731199892238
725 -0.1204079239978455
726 -0.09435965700686211
727 -0.1378179109960911
728 -0.06116096299956553
729 -0.3023815140040824
730 -0.21041407300072024
731 -0.09853227499843342
732 -0.08518733600067208
733 -0.14990229499380803
734 -0.07038308999472065
735 -0.04024308200314408
736 -0.14727501699962886
737 -0.05760407300113002
738 -0.1259050680018845
739 -0.3071915479958989
740 -0.19399961199815152
741 -0.10296007699798793
742 -0.1359506139997393
743 -0.044121202001406346
744 -0.07093328500195639
745 -0.19730455500393873
746 -0.0871916109972517
747 -0.06190758199954871
748 -0.11801013200602029
749 -0.3508571929996833
750 -0.2285497499979101
751 -0.23401886099600233
752 -0.07273795900255209
753 -0.10020170899952063
754 -0.05620004500087816
755 -0.13148635700054
756 -0.15276046399958432
757 -0.17565683399880072
758 -0.10701488799531944
759 -0.09652344200003427
760 -0.10102806700160727
761 -0.06731795900122961
762 -0.08949891799420584
763 -0.12071996699523879
764 -0.04227357700438006
765 -0.13136111600033473
766 -0.17671022500144318
767 -0.1169653120014118
768 -0.1867934480033
769 -0.18854668000130914
770 -0.19387460400321288
771 -0.09591775100125233
772 -0.09422171200276352
773 -0.0674123079952551
774 -0.1298512209978071
775 -0.20824589299445506
776 -0.15211306100536603
777 -0.2634664450015407
778 -0.19271592099539703
779 -0.028650481996010058
780 -0.0869140119975782
781 -0.11308291599561926
782 -0.11615172799793072
783 -0.11580906100425636
784 -0.15087733400287107
785 -0.11570028900314355
786 -0.14442881300055888
787 -0.17985292299999855
788 -0.07950866900500841
789 -0.07820265099871904
790 -0.08866311100427993
791 -0.12562326400075108
792 -0.21044546399934916
793 -0.1200204280030448
794 -0.13985159000003478
795 -0.2136150619990076
796 -0.25686649500130443
797 -0.051848695999069605
798 -0.08423362699977588
799 -0.19565681400126778
800 -0.12055445199803216
801 -0.1766032739978982
802 -0.1763017210032558
803 -0.10876343400013866
804 -0.15838909900048748
805 -0.1592583219971857
806 -0.24451877400133526
807 -0.11157831300079124
808 -0.14416656699904706
809 -0.08251636099885218
810 -0.18578146200161427
811 -0.40767490200232714
812 -0.30658055099775083
813 -0.1346778759980225
814 -0.29093705100240186
815 -0.0969013259964413
816 -0.11588361499889288
817 -0.050575023000419606
818 -0.3188205859987647
819 -0.17754731000604806
820 -0.17939009200199507
821 -0.26464915300311986
822 -0.2220111810020171
823 -0.21518776400625939
824 -0.08962947599502513
825 -0.09243271699961042
826 -0.08763031299895374
827 -0.10997062399837887
828 -0.14995175800140714
829 -0.20503285599988885
830 -0.2008799489994999
831 -0.17472207600076217
832 -0.07910129499941831
833 -0.08785858000192093
834 -0.23436115100048482
835 -0.14144017399667064
836 -0.2869429889979074
837 -0.2394212519939174
838 -0.3191564649969223
839 -0.08913069299887866
840 -0.2844519029968069
841 -0.2540887959985412
842 -0.15809142000216525
843 -0.15279739200195763
844 -0.13892036200559232
845 -0.1775575259962352
846 -0.19241263599542435
847 -0.12843674699979601
848 -0.2294802200049162
849 -0.2438571949969628
850 -0.17597263099742122
851 -0.09556813399831299
852 -0.06728431500232546
853 -0.1071014959961758
854 -0.16625211300561205
855 -0.203136137999536
856 -0.1746681959994021
857 -0.17493825499695959
858 -0.24968010099837556
859 -0.16911684299702756
860 -0.32531284699507523
861 -0.12679488000139827
862 -0.11541953599953558
863 -0.16695459699985804
864 -0.2043570709938649
865 -0.2838572910040966
866 -0.40710414099885384
867 -0.152661136999086
868 -0.13431679300265387
869 -0.17295197699422715
870 -0.20005626299825963
871 -0.13661437099653995
872 -0.17471817399928113
873 -0.24476410399802262
874 -0.13963046499702614
875 -0.18994325299718184
876 -0.3051249719937914
877 -0.16639319700334454
878 -0.20449802499933867
879 -0.13992017399868928
880 -0.12462508400494698
881 -0.1519555959966965
882 -0.18173732200375525
883 -0.19785048100311542
884 -0.2410706329974346
885 -0.1821754199991119
886 -0.15800659399974393
887 -0.21021267300238833
888 -0.1605838000032236
889 -0.1269959139972343
890 -0.154297385000973
891 -0.11221043299883604
892 -0.26025366999965627
893 -0.2061068900002283
894 -0.14358223199815257
895 -0.12619258699851343
896 -0.15706984500138788
897 -0.38518358999863267
898 -0.09345633800694486
899 -0.07098446200689068
900 -0.2749156400022912
901 -0.16702528199675726
902 -0.2501815220020944
903 -0.3347693280011299
904 -0.44354662299883785
905 -0.08133529900078429
906 -0.27881993500341196
907 -0.14552970899967477
908 -0.1307303320063511
909 -0.19631650600058492
910 -0.1025305940056569
911 -0.21876652599894442
912 -0.12269943499995861
913 -0.24585751599806827
914 -0.08703124800376827
915 -0.14546090299700154
916 -0.3016639289999148
917 -0.23165363300358877
918 -0.2556724810056039
919 -0.24794286499673035
920 -0.23564103199896635
921 -0.2564435649983352
922 -0.12016318600217346
923 -0.27166610800486524
924 -0.1495594309963053
925 -0.11393145599868149
926 -0.31367236399819376
927 -0.15853142000560183
928 -0.2274007910018554
929 -0.3466376479991595
930 -0.2456435420026537
931 -0.2663898169994354
932 -0.16038185999786947
933 -0.1731390429995372
934 -0.3305513260056614
935 -0.23118062000139616
936 -0.19272017800540198
937 -0.26639424500172026
938 -0.2733958789976896
939 -0.4808287560008466
940 -0.255410302997916
941 -0.11517148499842733
942 -0.1678845040005399
943 -0.1551858720049495
944 -0.14840938999986975
945 -0.21425706499576336
946 -0.47432386300351936
947 -0.21725562800565967
948 -0.3789329880019068
949 -0.3265709569968749
950 -0.20012363199930405
951 -0.20271117499942193
952 -0.1760310679965187
953 -0.11618065299990121
954 -0.2664196520054247
955 -0.32252003000030527
956 -0.25115786899550585
957 -0.21673080000618938
958 -0.21312134800245985
959 -0.20917112100141821
960 -0.09131276300468016
961 -0.20991528400190873
962 -0.2626535599993076
963 -0.2472095269986312
964 -0.22802169900387526
965 -0.2307038380022277
966 -0.26854117499897256
967 -0.19339767900237348
968 -0.14473890599765582
969 -0.24373167899466353
970 -0.25173746200016467
971 -0.3043332060042303
972 -0.4090018409988261
973 -0.2402528960010386
974 -0.1273623779998161
975 -0.3160910559963668
976 -0.313092782998865
977 -0.155089734995272
978 -0.09990775999904145
979 -0.2015402679971885
980 -0.1767196069995407
981 -0.3643767879984807
982 -0.16509211599623086
983 -0.1716965329978848
984 -0.15689009400375653
985 -0.37589018500148086
986 -0.1612380820006365
987 -0.21625766800571
988 -0.12386877000244567
989 -0.10943198199674953
990 -0.24941997999849264
991 -0.2549245490008616
992 -0.2911839590015006
993 -0.3381888189978781
994 -0.37912185300228884
995 -0.17181588100356748
996 -0.14967175799392862
997 -0.29125004899833584
998 -0.2573464149973006
999 -0.28792972099472536
1000 -0.17214581199368695
1001 -0.2178178449976258
1002 -0.35181687400472583
1003 -0.45240785100031644
1004 -0.19558343399694422
1005 -0.129283034002583
1006 -0.28374310700019123
1007 -0.1274014230002649
1008 -0.34250731299835024
1009 -0.28004942000552546
1010 -0.3698741429980146
1011 -0.40419075899990276
1012 -0.2926102070050547
1013 -0.2725122170013492
1014 -0.18270232299983036
1015 -0.18619399599992903
1016 -0.1185925249956199
1017 -0.37280116100009764
1018 -0.45025821000308497
1019 -0.5006857929984108
1020 -0.4256865650022519
1021 -0.3376500600061263
1022 -0.10991805799858412
1023 -0.22838331799721345
1024 -0.24447441400116077
1025 -0.13956639800017
1026 -0.41808255500654923
1027 -0.23276144899864448
1028 -0.4120502689984278
1029 -0.3517695949994959
1030 -0.4402037920008297
1031 -0.18002982300095027
1032 -0.08438618799846154
1033 -0.37452587699954165
1034 -0.32295260199316544
1035 -0.1741768249994493
1036 -0.4630306870021741
1037 -0.514480136000202
1038 -0.22433183599787299
1039 -0.5140239999964251
1040 -0.2697109810032998
1041 -0.495694821998768
1042 -0.3622148060021573
1043 -0.36818081400269875
1044 -0.4490717040025629
1045 -0.3282065040039015
1046 -0.35361053600354353
1047 -0.516269444997306
1048 -0.458991279003385
1049 -0.33678674799739383
1050 -0.4763587130000815
1051 -0.09849867499724496
1052 -0.1507807430025423
1053 -0.37552247299754526
1054 -0.2037654029991245
1055 -0.5873668970016297
1056 -0.2822593550008605
1057 -0.2347937369995634
1058 -0.2162997070045094
1059 -0.3406009879981866
1060 -0.20848091899824794
1061 -0.1287398300046334
1062 -0.4681708569987677
1063 -0.31972937200043816
1064 -0.46331736499996623
1065 -0.37776976700115483
1066 -0.3217849020002177
1067 -0.1815134969947394
1068 -0.26169545999437105
1069 -0.12983435199566884
1070 -0.39492149100260576
1071 -0.2694541790042422
1072 -0.4931161999993492
1073 -0.2884198139945511
1074 -0.42773411799862515
1075 -0.2903007319982862
1076 -0.42091664200415835
1077 -0.11894226900039939
1078 -0.2856659200042486
1079 -0.37171724299696507
1080 -0.21638449499732815
1081 -0.506886649003718
1082 -0.3299562739994144
1083 -0.36253298399969935
1084 -0.33945600900187856
1085 -0.3041408639983274
1086 -0.14705201500328258
1087 -0.5526408750010887
1088 -0.3452380570015521
1089 -0.6198052619947703
1090 -0.38986061699688435
1091 -0.2822762489959132
1092 -0.20310741499997675
1093 -0.8178036930039525
1094 -0.2902840250026202
1095 -0.33656885299569694
1096 -0.25876020299619995
1097 -0.29133188300329493
1098 -0.24742595099814935
1099 -0.24828953399992315
1100 -0.3750405960017815
1101 -0.42882879500393756
1102 -0.48074080100195715
1103 -0.28683169000578346
1104 -0.19455082900094567
1105 -0.4880026250029914
1106 -0.354005760003929
1107 -0.9294681169994874
1108 -0.5614625640009763
1109 -0.3319928759956383
1110 -0.5389804350052145
1111 -0.4710376110015204
1112 -0.40671145600208547
1113 -0.13318877999699907
1114 -0.23939950299973134
1115 -0.3657992760054185
1116 -0.3047630360015319
1117 -0.6719509399990784
1118 -0.8959665340007632
1119 -0.18143045000033453
1120 -0.400819305999903
1121 -0.17999951700039674
1122 -0.5421096309946734
1123 -0.3142824809983722
1124 -0.17910324099648278
1125 -0.41327908800303703
1126 -0.2800503829930676
1127 -0.41864430300483946
1128 -0.6142570399970282
1129 -0.6582667530019535
1130 -0.44800993199896766
1131 -0.2536704779995489
1132 -0.4219442220055498
1133 -0.4874822919955477
1134 -0.4859196199977305
1135 -0.24741830600396497
1136 -0.21593505000055302
1137 -0.82103392600402
1138 -0.3965740729981917
1139 -0.3287431540011312
1140 -0.2681487139998353
1141 -0.3790545590018155
1142 -0.17364504100260092
1143 -0.6032609020039672
1144 -0.29443314999662107
1145 -0.42667634400277166
1146 -0.3023194120032713
1147 -0.5470875720056938
1148 -0.07563626299815951
1149 -0.1447464820012101
1150 -0.14957901799789397
1151 -0.17010212099557975
1152 -0.28338576000533067
1153 -0.5531308860008721
1154 -0.3052573399982066
1155 -0.4723632090026513
1156 -0.553421625001647
1157 -0.41432056799385464
1158 -0.3183446000039112
1159 -0.44975408800382866
1160 -0.37193272600416094
1161 -0.5727873040013947
1162 -0.6707444499988924
1163 -0.32184308399882866
1164 -0.21864493100292748
1165 -0.3961882789953961
1166 -0.40877000699401833
1167 -0.3182651419992908
1168 -0.31289189699600684
1169 -0.06240442499984056
1170 -0.4829606090061134
1171 -0.5372049799989327
1172 -0.531543746998068
1173 -0.32556462600041414
1174 -0.23689178300264757
1175 -0.3505604659949313
1176 -0.3853286669982481
1177 -0.1895154369994998
1178 -0.368968943002983
1179 -0.4824200840012054
1180 -0.23178607800218742
1181 -0.46978235499409493
1182 -0.2886841319996165
1183 -0.23543998199602356
1184 -0.837195863998204
1185 -0.23930765999830328
1186 -0.3110314789955737
1187 -0.4987886359958793
1188 -0.7411377710013767
1189 -0.6893167849993915
1190 -0.48645804000261705
1191 -0.4334146330002113
1192 -0.6694464719985262
1193 -0.30808268100372516
1194 -0.34785924199968576
1195 -0.3503840199991828
1196 -0.2871163610034273
1197 -0.687193522004236
1198 -0.5317400929998257
1199 -0.4337858500002767
1200 -0.2885275759981596
1201 -0.5376958229971933
1202 -0.5515215790001093
1203 -0.17635136999888346
1204 -0.4033002819996909
1205 -0.45301275700330734
1206 -0.33251702599955024
1207 -0.7432533390019671
1208 -0.29956022599799326
1209 -0.4454150750025292
1210 -0.3373620940037654
1211 -0.2675307040044572
1212 -0.5234612029962591
1213 -0.31766573100321693
1214 -0.47552170200651744
1215 -0.9843128569991677
1216 -0.967923233001784
1217 -0.42838534399925265
1218 -0.6073551430017687
1219 -0.7038741750002373
1220 -0.5625928329973249
1221 -0.2977181899987045
1222 -0.4485351530020125
1223 -0.3308013479982037
1224 -0.4727848719994654
1225 -0.2573054669992416
1226 -0.4213011280007777
1227 -0.5310198480001418
1228 -0.36591757100541145
1229 -0.5232727679976961
1230 -0.3282112489978317
1231 -0.44833360099437414
1232 -0.3555849179974757
1233 -0.4273659999962547
1234 -0.22233573699486442
1235 -0.6561835370011977
1236 -0.23849706799956039
1237 -0.6852362380013801
1238 -0.6195451029998367
1239 -0.32388139000249794
1240 -0.3319091999946977
1241 -0.4319011230036267
1242 -0.3660741209969274
1243 -0.496962296005222
1244 -0.4371649040040211
1245 -0.7174205689952942
1246 -0.5262935399950948
1247 -0.2840609319973737
1248 -0.2802088949974859
1249 -0.20156146500085015
1250 -0.1976710759990965
1251 -0.2507235309967655
1252 -0.26088528300169855
1253 -0.24166033499932382
1254 -0.8064389939972898
1255 -0.35629810599493794
1256 -0.2676821560016833
1257 -0.2693530090036802
1258 -0.3420233659999212
1259 -0.25374958499742206
1260 -0.6748885750057525
1261 -0.4901305780003895
1262 -0.5298803089972353
1263 -0.7031118260056246
1264 -0.4120959979991312
1265 -0.8391570060048252
1266 -0.4050183439976536
1267 -0.3421089339972241
1268 -0.5915954150041216
1269 -0.20151406199875055
1270 -0.5053582429973176
1271 -0.5430253419981454
1272 -0.8810065590005252
1273 -1.0225651189975906
1274 -1.0312349879968679
1275 -0.4168572460039286
1276 -0.4213688620002358
1277 -0.3396085300046252
1278 -0.5495419389990275
1279 -0.892750419996446
1280 -0.733372191003582
1281 -0.3598133659979794
1282 -0.6920609999942826
1283 -0.5049253079996561
1284 -0.5852822370070498
1285 -0.49278643100115005
1286 -0.32193222700152546
1287 -0.36156530900188955
1288 -0.24055706699436996
1289 -0.49978720199578675
1290 -0.7718666660002782
1291 -0.4432188249993487
1292 -0.36119668500032276
1293 -0.5835766689997399
1294 -0.2239018140026019
1295 -0.2340803200058872
1296 -0.6436604350019479
1297 -0.8429747550035245
1298 -0.6221128969991696
1299 -0.6871018259989796
1300 -0.9985135680035455
1301 -0.277840014998219
1302 -0.34652811200066935
1303 -0.27011225699970964
1304 -0.536647938999522
1305 -0.7635384349996457
1306 -0.5547580220008967
1307 -0.7373445720004383
1308 -0.5732653560044128
1309 -1.0056818940065568
1310 -0.42974858899833634
1311 -0.4918748650015914
1312 -0.44878308499755803
1313 -0.95803809199424
1314 -0.3504931280040182
1315 -0.48824528499972075
1316 -1.0597529590013437
1317 -0.3487353370001074
1318 -0.4669432019945816
1319 -0.39870328099641483
1320 -0.6115557040029671
1321 -0.2813790299987886
1322 -0.2432896600003005
1323 -0.39812681199691724
1324 -0.4067228689964395
1325 -0.7739654519973556
1326 -0.5975841689942172
1327 -0.612826317003055
1328 -0.38640578299964545
1329 -0.38545558199984953
1330 -0.38765326300199376
1331 -0.5118333969949163
1332 -0.47567632899881573
1333 -0.2707990130002145
1334 -0.8154489660009858
1335 -0.435552122995432
1336 -0.3985651740003959
1337 -0.5630522290011868
1338 -0.4323793889998342
1339 -0.8300678699961281
1340 -0.4473891320012626
1341 -0.7242646800004877
1342 -0.5847273969993694
1343 -0.5194766850036103
1344 -0.5158472430048278
1345 -0.824780445000215
1346 -0.3439339819960878
1347 -0.2029430609982228
1348 -0.1946778860001359
1349 -0.46253021099983016
1350 -0.905596537006204
1351 -0.546485473998473
1352 -0.4963496339987614
1353 -0.370436802993936
1354 -0.8761894100025529
1355 -0.6825106140022399
1356 -0.45302422100212425
1357 -0.8234815869946033
1358 -0.4429188050053199
1359 -0.8722731119996752
1360 -0.5577275109972106
1361 -0.7341365829997812
1362 -0.6556698860003962
1363 -0.7284964840000612
1364 -0.3622206290019676
1365 -0.5416419399989536
1366 -0.5267412359971786
1367 -0.42085667699575424
1368 -0.7377543030015659
1369 -0.7753529199981131
1370 -0.591978589000064
1371 -0.541215238001314
1372 -0.5140541439977824
1373 -0.837408963998314
1374 -0.5820120100033819
1375 -0.4430643650048296
1376 -0.4188925299968105
1377 -0.668318640004145
1378 -0.6811806760015315
1379 -0.6011491469980683
1380 -1.2108587799957604
1381 -1.034949257002154
1382 -0.31884685099794297
1383 -0.24646050500450656
1384 -0.5098411849976401
1385 -0.6857806910047657
1386 -1.0416662249990623
1387 -0.4966138560048421
1388 -0.9621403260025545
1389 -0.798847518999537
1390 -0.602814234996913
1391 -0.23897170699638082
1392 -0.37734694100072375
1393 -0.42747587300254963
1394 -0.3456670800005668
1395 -0.9027913890022319
1396 -0.788895452998986
1397 -0.5159663070007809
1398 -0.3597944169960101
1399 -0.6022857659991132
1400 -0.8845862480011419
1401 -0.826708526998118
1402 -0.6466649909998523
1403 -0.5501065610005753
1404 -0.8030118710012175
1405 -0.3833735840016743
1406 -1.2648706270047114
1407 -0.9831600739998976
1408 -0.718503445998067
1409 -0.49448811899492284
1410 -0.3288399970042519
1411 -0.48465844199381536
1412 -0.17088350700214505
1413 -0.5976492670015432
1414 -0.6949451710024732
1415 -1.0113443470036145
1416 -0.6619387520040618
1417 -0.6131739630000084
1418 -0.4385893409998971
1419 -0.5766882009993424
1420 -0.4992686359983054
1421 -0.42918474200268975
1422 -0.8169074289980927
1423 -0.8541791520037805
1424 -0.24643141599517548
1425 -0.6086598289984977
1426 -0.5535218369986978
1427 -0.5900547950004693
1428 -0.22907419800321804
1429 -1.0248752550032805
1430 -0.31540689100074815
1431 -0.5094831430033082
1432 -1.21727035400545
1433 -0.5747380690008868
1434 -0.7389673680008855
1435 -1.6109591179993004
1436 -0.4923267679987475
1437 -0.7942852950000088
1438 -0.8010740669997176
1439 -0.32873677799943835
1440 -0.615938458002347
1441 -0.5651854040042963
1442 -0.9696449920011219
1443 -0.5076026570022805
1444 -1.0427082070018514
1445 -0.5121679150033742
1446 -0.37218164099613205
1447 -0.6781167419976555
1448 -0.597876535000978
1449 -0.6346436690000701
1450 -0.5329043189994991
1451 -0.6104563670014613
1452 -1.025859864996164
1453 -0.3207707260007737
1454 -0.4891119149979204
1455 -0.4475619239965454
1456 -0.36568650900153443
1457 -0.7598189470008947
1458 -0.9667900790009298
1459 -0.8096577830001479
1460 -0.6773132000016631
1461 -0.9971661130039138
1462 -1.3679317930000252
1463 -0.7311476410031901
1464 -0.9692439549980918
1465 -0.37524539700098103
1466 -0.8322005049994914
1467 -0.7194017910005641
1468 -0.6473442069982411
1469 -1.0316604799954803
1470 -0.8732039940005052
1471 -0.5739653860000544
1472 -1.280212493998988
1473 -0.8431696400002693
1474 -0.344235235999804
1475 -0.4194619469999452
1476 -0.8517080599995097
1477 -1.0545427949982695
1478 -0.9782358880038373
1479 -1.0019239980028942
1480 -0.9136781089982833
1481 -1.2883399560014368
1482 -0.6123050860041985
1483 -1.3205488259991398
1484 -1.7939012179995188
1485 -0.35089149299892597
1486 -0.9784051059978083
1487 -2.1530176579981344
1488 -1.5429321670017089
1489 -0.9790456440023263
1490 -0.5767006039968692
1491 -0.700988763004716
1492 -0.8969293039990589
1493 -0.6702322310011368
1494 -0.7299836839956697
1495 -0.7718655740027316
1496 -0.6798659850028343
1497 -0.7074907950009219
1498 -0.760134146999917
1499 -0.49179618199559627
1500 -0.5086208200009423
1501 -0.5287990069991793
1502 -1.4294034319973434
1503 -1.407427373000246
1504 -0.7954993610037491
1505 -1.143584680998174
1506 -0.9073101809990476
1507 -0.754811188999156
1508 -1.0631116259974078
1509 -0.6441749810037436
1510 -0.5418285830019158
1511 -1.2255350810009986
1512 -0.8368466149986489
1513 -1.0173960850006551
1514 -0.42265471599966986
1515 -0.6059251400001813
1516 -0.7229587280016858
1517 -0.5549215669961995
1518 -0.5351359999986016
1519 -0.2815920270004426
1520 -0.7121526819973951
1521 -0.4946612850035308
1522 -1.1116422600025544
1523 -0.5161580629937816
1524 -0.8592837539981701
1525 -1.1219505480039516
1526 -0.6064907140025753
1527 -0.935032459005015
1528 -0.916407609001908
1529 -0.45984940800553886
1530 -1.1143260600001668
1531 -0.8802786489977734
1532 -0.8453892530014855
1533 -0.6086194759991486
1534 -0.6793701350034098
1535 -0.4099432729999535
1536 -1.0066270089955651
1537 -0.49005879699689103
1538 -0.6762119949999033
1539 -1.1377440139985993
1540 -1.8242451810001512
1541 -1.797908043001371
1542 -0.6578198030038038
1543 -1.1190656940016197
1544 -0.634077264003281
1545 -0.6580407839937834
1546 -0.474718956000288
1547 -0.9095276899970486
1548 -0.7405275019991677
1549 -0.6078001819987549
1550 -1.061073396995198
1551 -0.6809248529971228
1552 -0.48015986799873644
1553 -0.4508597029998782
1554 -0.6350710859987885
1555 -0.5351950249969377
1556 -0.6459566260018619
1557 -0.6991178579992265
1558 -1.1585548919974826
1559 -1.0888401830015937
1560 -0.9310159610031405
1561 -0.7106563699999242
1562 -0.6568366430001333
1563 -0.6285909340003855
1564 -1.2735954419986228
1565 -1.1365763089997927
1566 -0.466721979995782
1567 -0.9344336669964832
1568 -0.9771066449975478
1569 -1.1794088460010244
1570 -1.0760892499965848
1571 -0.5922484990005614
1572 -0.741031279998424
1573 -0.6789780930048437
1574 -0.8720113089948427
1575 -0.80657620299462
1576 -0.6248634699950344
1577 -1.163384605999454
1578 -1.2924386160011636
1579 -1.283578269998543
1580 -0.44258039299893426
1581 -0.5248262070017518
1582 -0.684105141001055
1583 -1.0663804149953648
1584 -0.8268435589998262
1585 -0.980634863000887
1586 -1.0141225810002652
1587 -0.823196219993406
1588 -0.8175006509991363
1589 -0.48231172600208083
1590 -0.8018805809988407
1591 -1.0267608470021514
1592 -0.6383446899999399
1593 -0.79219058000308
1594 -1.2278115219960455
1595 -1.0740897130017402
1596 -1.1365407839984982
1597 -0.7220919510000385
1598 -0.504846024006838
1599 -0.38093259700690396
1600 -0.5046170200002962
1601 -0.7935301889956463
1602 -1.166321082993818
1603 -1.2352083629957633
1604 -1.3661319430029835
1605 -1.726640906999819
1606 -1.0472886150018894
1607 -0.376163926004665
1608 -0.44742515600228216
1609 -0.8136092079948867
1610 -0.5136681700023473
1611 -0.7724513790017227
1612 -1.2972056439975859
1613 -1.5072525670038885
1614 -1.523238671994477
1615 -0.7331109050064697
1616 -0.7474167800028226
1617 -0.765792968995811
1618 -0.6905594390045735
1619 -0.6206449029996293
1620 -0.7292884079943178
1621 -0.7817210979992524
1622 -1.041279928998847
1623 -0.7731464329990558
1624 -1.3217644579999615
1625 -1.0520954460007488
1626 -2.4666348969985847
1627 -1.1003516929995385
1628 -0.8289571650020662
1629 -1.1641267759987386
1630 -0.7115993450061069
1631 -0.9343493010019301
1632 -0.7886956270012888
1633 -0.7154341119967285
1634 -0.4844862300014938
1635 -0.940118454003823
1636 -0.4425097659986932
1637 -0.8980808690030244
1638 -0.826296403996821
1639 -0.8386272899952019
1640 -1.2171085459995084
1641 -0.7562992899984238
1642 -0.6261716399967554
1643 -0.49250441099866293
1644 -0.6978772739967098
1645 -1.2000315789991873
1646 -0.6494755589956185
1647 -0.6012000230039121
1648 -2.2001068259996828
1649 -0.7520535250005196
1650 -1.0707830380051746
1651 -0.6752925269975094
1652 -0.8494871200018679
1653 -0.6951673539952026
1654 -0.4722934679957689
1655 -0.448816201002046
1656 -1.1811090409973986
1657 -2.068657007999718
1658 -0.9648202269963804
1659 -0.921515244001057
1660 -0.7003958360000979
1661 -0.9529026579984929
1662 -0.5519972290057922
1663 -0.9898622730033821
1664 -0.1275056800004677
1665 -0.7793615229966235
1666 -0.9809847310025361
1667 -0.99196609199862
1668 -1.2376577620016178
1669 -1.6713027809964842
1670 -0.34262510100234067
1671 -0.6593038910068572
1672 -1.2698208899964811
1673 -0.4357974520025891
1674 -1.4079856509997626
1675 -1.4085530020020087
1676 -1.3838153460019385
1677 -2.0085021229970152
1678 -1.7541858139957185
1679 -0.6734239139987039
1680 -1.1736748449984589
1681 -0.9146179470044444
1682 -0.6383027979973122
1683 -0.756502536998596
1684 -0.9054091139987577
1685 -1.1686054689998855
1686 -1.2823545879946323
1687 -1.4457596369975363
1688 -0.8459012519961107
1689 -0.9645400889930897
1690 -0.4880890569984331
1691 -0.4425030980055453
1692 -1.736196915997425
1693 -1.5667338740022387
1694 -0.4210745960008353
1695 -1.1747089510026854
1696 -1.2815398960010498
1697 -0.639793952999753
1698 -1.330678384998464
1699 -1.2273248330020579
1700 -1.3297822650056332
1701 -1.0501906719946419
1702 -1.6391652989987051
1703 -1.1439996100016288
1704 -1.5250170419967617
1705 -1.085935581002559
1706 -0.6408383409943781
1707 -0.6585517549974611
1708 -0.34286740599782206
1709 -1.4519335090008099
1710 -1.2038687679960276
1711 -0.8357868539969786
1712 -1.2689459280009032
1713 -0.5673861590039451
1714 -1.6418480950014782
1715 -1.8136053470007027
1716 -0.869427926998469
1717 -0.7526376640016679
1718 -0.6153502570014098
1719 -1.8362938230056898
1720 -1.4018764089996694
1721 -1.1409882310035755
1722 -1.674818267005321
1723 -0.6750043819993152
1724 -0.7242041139979847
1725 -0.7029052120051347
1726 -1.1619001899962313
1727 -1.03791635199741
1728 -0.829165732000547
1729 -1.5243680130006396
1730 -1.332902866997756
1731 -1.7724923029963975
1732 -1.7000812719998066
1733 -0.9570937070020591
1734 -1.1567544420031481
1735 -1.246627473999979
1736 -1.248809822005569
1737 -2.4093925380002474
1738 -1.1692188770030043
1739 -1.4489439139942988
1740 -1.2337694960006047
1741 -0.8879452940018382
1742 -0.34107858700008364
1743 -0.6755729369979235
1744 -0.9138724700023886
1745 -0.7588958749984158
1746 -0.8250044439992053
1747 -1.2327949300015462
1748 -1.5270243729974027
1749 -1.4392821549990913
1750 -1.7379435319962795
1751 -1.0524134399965988
1752 -0.7063071519951336
1753 -0.8103190780020668
1754 -0.4450602569995681
1755 -1.4118176530027995
1756 -1.433634836001147
1757 -2.0512205899940454
1758 -1.2460304620035458
1759 -2.5428507039978285
1760 -0.5229932759975782
1761 -0.6498284400004195
1762 -0.3712160529976245
1763 -0.7714030939969234
1764 -1.397046917998523
1765 -1.0097466270017321
1766 -1.0034683589983615
1767 -1.7033443369946326
1768 -1.3185366239995346
1769 -0.7197661649988731
1770 -0.4599547760008136
1771 -0.6772647589968983
1772 -0.6830393490017741
1773 -1.3065128029993502
1774 -1.4279183780017775
1775 -0.7717972910031676
1776 -1.0607011390020489
1777 -1.1672168529985356
1778 -0.8329942370037315
1779 -0.9172250339979655
1780 -0.5224913639976876
1781 -1.1327140470020822
1782 -0.6566449749952881
1783 -0.6566985329991439
1784 -1.9456453250022605
1785 -0.7221025469989399
1786 -2.0223734239989426
1787 -1.8564107670026715
1788 -0.9500507619959535
1789 -1.5629705359970103
1790 -1.46723061499506
1791 -0.8697865779977292
1792 -1.6614603879934293
1793 -1.1564522359985858
1794 -1.3242242339983932
1795 -0.9647912649961654
1796 -1.1475816769961966
1797 -0.727335925999796
1798 -1.0342853890033439
1799 -2.221373855994898
1800 -1.4389192009984981
1801 -0.9591750649997266
1802 -1.2925529979984276
1803 -1.196590257997741
1804 -1.054354677995434
1805 -1.301884770997276
1806 -1.6452753480043611
1807 -1.3514248309948016
1808 -1.0188441709979088
1809 -1.770544177001284
1810 -1.7151075529982336
1811 -0.9189586860011332
1812 -1.2551044680003542
1813 -1.60145519899379
1814 -1.1528312410009676
1815 -1.4622651550016599
1816 -0.9350215760059655
1817 -0.6388774739971268
1818 -0.8015340819983976
1819 -3.027524468001502
1820 -1.9111148369993316
1821 -3.803673833004723
1822 -1.5034116309980163
1823 -0.5797263210042729
1824 -1.6130181240005186
1825 -1.144364489999134
1826 -1.3268509160043322
1827 -1.2362984829960624
1828 -2.461715916004323
1829 -1.1324311179996585
1830 -1.8930914660013514
1831 -0.841058541998791
1832 -0.349475782000809
1833 -0.9366615979961352
1834 -1.0396512989973417
1835 -0.4312279549994855
1836 -1.7354930369983776
1837 -1.3669265520002227
1838 -2.4971378819973324
1839 -1.900431818998186
1840 -1.805568564996065
1841 -0.8327088350051781
1842 -1.5474194830021588
1843 -0.9392812799997046
1844 -1.1156792309993762
1845 -0.7785525680010323
1846 -0.8355982020002557
1847 -1.2073113570004352
1848 -0.9712573170036194
1849 -1.0000377999967895
1850 -1.0960319299992989
1851 -1.3170757970001432
1852 -0.8530598029974499
1853 -0.949315290999948
1854 -1.8580162229991402
1855 -1.3868509360036114
1856 -1.4873963169957278
1857 -1.0671072359982645
1858 -1.2246704420031165
1859 -1.4048011259947089
1860 -1.1290686110005481
1861 -1.0067479310018825
1862 -1.1241951179981697
1863 -0.8958863700026996
1864 -1.2454420239955653
1865 -1.7972457359937835
1866 -1.3293374070053687
1867 -1.2299410709965741
1868 -0.6598393749954994
1869 -1.3125607159963693
1870 -0.4500953219976509
1871 -1.0970927369999117
1872 -1.5139961570021114
1873 -1.4532310020003933
1874 -1.4719919569979538
1875 -0.9615317889983999
1876 -0.9831916270049987
1877 -1.2789418379979907
1878 -0.7102907959997538
1879 -1.244148530997336
1880 -0.7703022460045759
1881 -1.5071251080007642
1882 -1.7067509019980207
1883 -1.9856733260021429
1884 -1.9351359069987666
1885 -1.5041142180052702
1886 -0.3625379899967811
1887 -0.6740683909956715
1888 -0.56728474200645
1889 -0.8531380299973534
1890 -2.615340947995719
1891 -1.1477346749961725
1892 -1.7288216079978156
1893 -1.6978683319975971
1894 -1.9811647170063225
1895 -0.8524460300031933
1896 -0.817304423006135
1897 -0.5360123330028728
1898 -1.2306175289995736
1899 -1.3462779250039603
1900 -1.5696988319978118
1901 -1.007233867996547
1902 -1.4308517880053842
1903 -1.2692305029995623
1904 -1.580097450001631
1905 -1.062283806000778
1906 -0.630766862006567
1907 -1.2175087430005078
1908 -1.4987667950044852
1909 -1.787622748001013
1910 -1.7966065779983182
1911 -0.7986393660030444
1912 -1.1365133069994044
1913 -0.9263348739987123
1914 -0.5075834439994651
1915 -1.0631312069963315
1916 -0.28568807400006335
1917 -1.039449183997931
1918 -1.2068858749989886
1919 -0.8973028899999917
1920 -1.3114968330046395
1921 -1.272143746005895
1922 -1.1793534530006582
1923 -1.822486779994506
1924 -1.026715976993728
1925 -2.6549210650046007
1926 -2.4632708730059676
1927 -1.0459336519998033
1928 -1.7082551029961905
1929 -1.3888816339967889
1930 -1.2751520989986602
1931 -0.7856701580021763
1932 -1.2005983819981338
1933 -1.4080423129998962
1934 -0.7383106209963444
1935 -2.4102654450034606
1936 -1.3144689620021381
1937 -1.257659311995667
1938 -1.249984278998454
1939 -1.9326394769959734
1940 -1.6790485860037734
1941 -2.1486236390046543
1942 -0.5553466229976038
1943 -0.960300095997809
1944 -2.1202524889959022
1945 -1.229334456002107
1946 -2.4639609119985835
1947 -1.3728902470029425
1948 -1.416498597995087
1949 -1.3123943390019122
1950 -1.0183669209945947
1951 -0.37974393799959216
1952 -2.211591179999232
1953 -1.3468301429966232
1954 -1.0810759239975596
1955 -2.2648050069983583
1956 -1.788257533997239
1957 -1.4265916790027404
1958 -1.5586192930059042
1959 -2.266187096000067
1960 -3.0684290659992257
1961 -1.6220573880054872
1962 -2.176324799002032
1963 -1.7438400739993085
1964 -1.8305325549954432
1965 -1.6306546699997853
1966 -1.3042108740046388
1967 -0.7610740759992041
1968 -1.3867681280025863
1969 -0.6044264509982895
1970 -1.4192792949979776
1971 -0.9287576729984721
1972 -1.4116445659965393
1973 -1.1399663090051035
1974 -1.702045261998137
1975 -1.2217511349954293
1976 -0.9318671479995828
1977 -1.531451831004233
1978 -1.890507805001107
1979 -1.4672657670016633
1980 -1.9673114140023245
1981 -2.3627137079965905
1982 -1.9361375419975957
1983 -1.4538213580017327
1984 -1.1650622200031648
1985 -1.2752458510003635
1986 -1.0594766009962768
1987 -0.7927731469972059
1988 -1.9351753290029592
1989 -2.1614121459933813
1990 -1.5445902360006585
1991 -2.090283587000158
1992 -1.5102735649998067
1993 -1.609639528003754
1994 -0.8232717830032925
1995 -0.9071792739996454
1996 -0.9380199759980314
1997 -1.0960753809995367
1998 -1.4246193990038591
1999 -1.7236869660046068
